"lp" "time" "maxValueSurface" "maxValueSubsurface" "amountOfOilSurface" "amountOfOilSubsurface" "amountOfOilShorline" "shorlineDeposition" "area"
1 1,100000 46903,449219 20,542776 87287,406250 20,542776 0,000000 0,000000 2,250000
2 2,200000 28035,744141 20,671612 85436,609375 38,469860 0,000000 0,000000 6,250000
3 3,300000 18792,345703 18,384880 84369,648438 56,013092 0,000000 0,000000 12,250000
4 4,400000 13719,574219 16,343540 83617,023438 73,333572 0,000000 0,000000 20,250000
5 5,500000 10665,019531 14,862111 83034,656250 90,495888 0,000000 0,000000 30,250000
6 6,600000 8678,042969 13,829784 82559,000000 107,535088 0,000000 0,000000 42,250000
7 7,700000 7300,913574 13,105379 82156,500000 124,473068 0,000000 0,000000 56,250000
8 8,800000 6296,254883 12,584070 81807,312500 141,324890 0,000000 0,000000 72,250000
9 9,900001 5532,621094 12,196671 81498,625000 158,101807 0,000000 0,000000 90,250000
10 11,000001 4932,849609 11,899019 81221,828125 174,811600 0,000000 0,000000 110,250000
11 12,100001 4449,225098 11,663015 80970,656250 191,461166 0,000000 0,000000 132,250000
12 13,200002 4050,855469 11,470569 80740,593750 208,055984 0,000000 0,000000 156,250000
13 14,300002 3716,921143 11,309803 80528,312500 224,600052 0,000000 0,000000 182,250000
14 15,400002 3432,895264 11,172738 80330,945313 241,097214 0,000000 0,000000 210,250000
15 16,500002 3188,332275 11,053862 80146,640625 257,550415 0,000000 0,000000 240,250000
16 17,600002 2975,524902 10,949269 79973,523438 273,962189 0,000000 0,000000 272,249969
17 18,700003 2788,658936 10,856122 79810,250000 290,335632 0,000000 0,000000 306,249969
18 19,800003 2623,263184 10,772308 79655,640625 306,671783 0,000000 0,000000 342,249969
19 20,900003 2475,840576 10,696220 79508,937500 322,972443 0,000000 0,000000 380,249969
20 22,000004 2343,616699 10,626612 79369,156250 339,240448 0,000000 0,000000 420,249969
21 23,100004 2229,489014 10,562501 79235,578125 355,476318 0,000000 0,000000 462,249969
22 24,200005 2130,032227 10,503102 79107,781250 371,681671 0,000000 0,000000 506,249969
23 25,300005 2038,704712 10,447776 78984,960938 387,856934 0,000000 0,000000 552,250000
24 26,400005 1954,557617 10,395998 78867,039063 404,003448 0,000000 0,000000 600,250000
25 27,500006 1876,783569 10,347336 78753,296875 420,123260 0,000000 0,000000 650,250000
26 28,600006 1804,690552 10,322101 78643,656250 436,216217 0,000000 0,000000 702,250000
27 29,700006 1737,682861 10,308940 78537,718750 452,283081 0,000000 0,000000 756,250000
28 30,800007 1675,244995 10,295507 78435,109375 468,324829 0,000000 0,000000 812,250000
29 31,900007 1616,928345 10,281855 78335,750000 484,342651 0,000000 0,000000 869,250000
30 33,000008 1562,340942 10,268027 78239,273438 500,336670 0,000000 0,000000 927,250000
31 34,100006 1511,139038 10,254061 78145,664063 516,307556 0,000000 0,000000 987,750000
32 35,200005 1463,019043 10,239985 78054,421875 532,256531 0,000000 0,000000 1048,750000
33 36,300003 1417,713013 10,225825 77965,812500 548,182190 0,000000 0,000000 1110,750000
34 37,400002 1374,983032 10,211603 77879,414063 564,086975 0,000000 0,000000 1173,250000
35 38,500000 1334,616943 10,197338 77795,132813 579,970886 0,000000 0,000000 1236,250000
36 39,599998 1296,425171 10,183041 77712,812500 595,835449 0,000000 0,000000 1300,750000
37 40,699997 1260,237915 10,168729 77632,539063 611,678833 0,000000 0,000000 1364,750000
38 41,799995 1225,902710 10,154411 77553,953125 627,502502 0,000000 0,000000 1429,250000
39 42,899994 1193,281738 10,140097 77477,195313 643,306030 0,000000 0,000000 1495,250000
40 43,999992 1162,250732 10,125793 77401,945313 659,092163 0,000000 0,000000 1560,750000
41 45,099991 1132,697021 10,111506 77328,156250 674,859680 0,000000 0,000000 1627,250000
42 46,199989 1104,518555 10,097244 77256,000000 690,606995 0,000000 0,000000 1693,750000
43 47,299988 1077,621826 10,083011 77185,343750 706,337952 0,000000 0,000000 1760,750000
44 48,399986 1051,922119 10,068809 77115,757813 722,050964 0,000000 0,000000 1825,250000
45 49,499985 1027,341919 10,054644 77047,476563 737,745300 0,000000 0,000000 1892,750000
46 50,599983 1003,810242 10,040517 76980,507813 753,423340 0,000000 0,000000 1958,750000
47 51,699982 981,261780 10,026431 76914,789063 769,083740 0,000000 0,000000 2022,250000
48 52,799980 959,636658 10,012388 76849,992188 784,728882 0,000000 0,000000 2087,250000
49 53,899979 938,879700 9,998390 76786,375000 800,356018 0,000000 0,000000 2153,250000
50 54,999977 918,940002 9,984437 76723,945313 815,968689 0,000000 0,000000 2216,750000
51 56,099976 899,770691 9,970532 76662,273438 831,564880 0,000000 0,000000 2280,250000
52 57,199974 881,328308 9,956676 76601,593750 847,144348 0,000000 0,000000 2341,750000
53 58,299973 863,572571 9,942867 76541,828125 862,707581 0,000000 0,000000 2399,750000
54 59,399971 846,466125 9,929109 76482,960938 878,256470 0,000000 0,000000 2457,000000
55 60,499969 829,974243 9,915401 76424,796875 893,789795 0,000000 0,000000 2517,000000
56 61,599968 814,064697 9,901741 76367,703125 909,308777 0,000000 0,000000 2569,500000
57 62,699966 798,707458 9,888132 76311,125000 924,811829 0,000000 0,000000 2619,750000
58 63,799965 783,874512 9,874574 76255,351563 940,301514 0,000000 0,000000 2675,250000
59 64,899963 769,539612 9,861065 76200,437500 955,774902 0,000000 0,000000 2720,750000
60 65,999962 755,678345 9,847607 76146,312500 971,235229 0,000000 0,000000 2779,250000
61 67,099960 742,267639 9,834198 76092,671875 986,679749 0,000000 0,000000 2829,250000
62 68,199959 730,067688 9,820839 76039,703125 1002,112000 0,000000 0,000000 2877,750000
63 69,299957 718,525513 9,807528 75987,484375 1017,528198 0,000000 0,000000 2932,750000
64 70,399956 707,307800 9,794267 75935,640625 1032,932861 0,000000 0,000000 2980,000000
65 71,499954 696,401123 9,781055 75884,656250 1048,322021 0,000000 0,000000 3032,250000
66 72,599953 685,793091 9,767892 75834,218750 1063,696289 0,000000 0,000000 3084,500000
67 73,699951 675,471802 9,754776 75784,335938 1079,059937 0,000000 0,000000 3133,750000
68 74,799950 665,426086 9,741708 75735,132813 1094,410400 0,000000 0,000000 3182,000244
69 75,899948 655,645142 9,728687 75686,007813 1109,745972 0,000000 0,000000 3232,750000
70 76,999947 646,118774 9,715714 75637,796875 1125,067017 0,000000 0,000000 3286,000244
71 78,099945 636,837463 9,702786 75590,007813 1140,378418 0,000000 0,000000 3329,500000
72 79,199944 627,791992 9,689906 75542,640625 1155,673096 0,000000 0,000000 3384,000000
73 80,299942 618,973633 9,677070 75495,703125 1170,958984 0,000000 0,000000 3431,000000
74 81,399940 610,374146 9,664993 75449,406250 1186,229980 0,000000 0,000000 3480,500000
75 82,499939 601,985474 9,662364 75403,468750 1201,487793 0,000000 0,000000 3529,500000
76 83,599937 593,800171 9,659492 75357,992188 1216,735718 0,000000 0,000000 3579,000000
77 84,699936 585,811157 9,656386 75312,890625 1231,968994 0,000000 0,000000 3625,750000
78 85,799934 578,011353 9,653058 75268,421875 1247,187134 0,000000 0,000000 3677,750000
79 86,899933 570,394409 9,649515 75224,023438 1262,398071 0,000000 0,000000 3727,250000
80 87,999931 562,953979 9,645769 75180,148438 1277,597168 0,000000 0,000000 3774,750000
81 89,099930 555,684143 9,641829 75136,679688 1292,782104 0,000000 0,000000 3824,750000
82 90,199928 548,579224 9,637699 75093,484375 1307,953247 0,000000 0,000000 3869,000000
83 91,299927 541,633728 9,633390 75050,718750 1323,113281 0,000000 0,000000 3919,000000
84 92,399925 534,842407 9,628910 75008,484375 1338,262695 0,000000 0,000000 3966,250000
85 93,499924 528,200317 9,624264 74966,492188 1353,398071 0,000000 0,000000 4017,500000
86 94,599922 521,702637 9,619459 74924,578125 1368,527100 0,000000 0,000000 4064,250000
87 95,699921 515,344788 9,614502 74883,242188 1383,640625 0,000000 0,000000 4111,500000
88 96,799919 509,122437 9,609400 74842,281250 1398,741333 0,000000 0,000000 4159,250000
89 97,899918 503,031311 9,604157 74801,617188 1413,833740 0,000000 0,000000 4209,750000
90 98,999916 497,067413 9,598780 74761,156250 1428,913208 0,000000 0,000000 4255,750000
91 100,099915 491,226776 9,593272 74721,156250 1443,980591 0,000000 0,000000 4300,750000
92 101,199913 485,505768 9,587640 74681,265625 1459,037842 0,000000 0,000000 4349,750000
93 102,299911 479,900787 9,581888 74641,851563 1474,083252 0,000000 0,000000 4397,250000
94 103,399910 474,408386 9,576022 74602,570313 1489,118408 0,000000 0,000000 4446,500000
95 104,499908 469,025269 9,570045 74563,664063 1504,141235 0,000000 0,000000 4494,750000
96 105,599907 463,748230 9,563963 74524,937500 1519,154663 0,000000 0,000000 4543,000000
97 106,699905 458,574280 9,557777 74486,648438 1534,153809 0,000000 0,000000 4589,250000
98 107,799904 453,500427 9,551494 74448,546875 1549,142822 0,000000 0,000000 4636,750000
99 108,899902 448,523865 9,545115 74410,609375 1564,122681 0,000000 0,000000 4683,250000
100 109,999901 443,641907 9,538645 74372,937500 1579,092163 0,000000 0,000000 4730,750000